,AD,CF,GD
0,25.499374410680183,25.326107451065667,24.531581442626774
1,64.51552074427212,63.51525145562957,61.86187596596848
2,19.105967966874346,18.8968880543298,22.153480273607705
3,28.86426411448602,29.199515022141668,29.19109466263046
4,9.30404086740633,9.207688920047595,9.790288467218478
5,31.64039739941095,33.51912721045144,26.184156116083905
6,41.30193444274281,40.97787341285912,41.214896459904224
7,16.848547396014965,18.185739813738415,16.7710144600764
8,51.5339460272202,52.68451789762884,51.18642793066195
9,32.729078868846955,32.30614511816631,29.943902176875092
10,37.909730274205344,38.44218823815005,37.860071696890856
11,58.80247044433598,58.99825879335497,55.11272140963908
12,35.423959273739655,35.42465247262416,37.34244715856108
13,40.010670762033364,41.68032295881827,32.02896049543889
14,28.275319850533688,26.426910675128827,29.882046142057384
15,12.197927649783729,12.980885070691198,11.340053726037839
16,51.370157073440794,52.01287852422027,53.59862469616061
17,23.114573082375024,23.94653347563268,21.48904211707573
18,16.59509777349684,18.303774978569983,13.52953463274861
19,18.211725718564878,19.351958585509486,15.223443126253276
20,15.532184894817,15.896275544754376,17.769974600369075
21,30.144341595830234,31.43633545069227,30.39110678239914
22,39.51971707896075,39.25182244136258,38.94481641388101
23,10.137273628925179,11.178214618449303,12.426781979612521
24,61.19445429296126,61.22125440200705,61.06560120397615
25,46.2592498765976,45.76804693884294,43.72896079608539
26,27.260051235738967,29.005504525493564,24.877608905572586
27,7.2923405494418745,6.109105850307563,8.303108128182565
28,29.39901742351575,28.622205904085043,29.71388116521463
29,35.79649677596568,37.312982595468036,34.73750434706822
30,18.032745930124527,18.31807198917586,14.375608463630284
31,11.571883230684438,11.245570944642692,10.673144831573559
32,16.730384210727074,16.454661145567712,14.908471154411851
33,7.67718581389794,7.675719748545475,8.10739641330229
34,16.09360362602952,14.985189018499643,16.021045533922827
35,42.847003583019145,41.851496651729036,43.79706805851377
36,22.233285694555608,21.80074229500241,23.603370235474678
37,27.605429228193866,27.61250622369135,28.224575984164485
38,10.127699497038662,3.718252872042539,12.281137129892777
39,57.73630041706467,59.53622690791788,57.211696449885636
40,46.92300570529876,48.13531937467281,43.93308784610221
41,20.06455381172302,20.289611231512573,24.428554375580823
42,53.2119964750751,52.57284465823713,51.585449339732165
43,18.47281313649274,19.19592073797105,19.187184482775486
44,44.293635715520736,45.30944055390242,40.72797789998724
45,49.929352997533066,48.5473954454121,51.080197712938485
46,57.89181226442679,57.337102285116856,58.12516973538198
47,40.93237937593328,41.625267595164544,41.304529681089704
48,55.1677921867634,55.72370167189835,50.58554067202989
49,39.48412343771376,39.793873768581534,34.64202799610224
50,30.653120733840346,30.76943880310812,31.394632604506853
51,23.594119689620346,23.653573319851475,21.17048446160854
52,40.51033258023435,38.85526309216981,44.24121845443681
53,24.499457193799383,23.221006022203035,24.643068280179815
54,37.019813689026606,37.274814239327625,34.457542782919965
55,38.56051661802657,38.64425561774925,39.280423115511105
56,24.528922295336265,25.578717240263764,24.22810139266175
57,21.348287011619625,22.08590040344125,20.675230573208303
58,35.61984670062718,35.47174022027228,37.77831905586281
59,32.69363445478983,31.735776833891165,35.11842970315419
60,12.576173201519195,13.279837329635479,10.258166938532483
61,22.943340599153583,21.68363951882339,30.627913226975892
62,31.79231821378685,32.36908570728066,30.826087136374817
63,53.05030451183569,53.71073999921704,46.57974830988984
64,50.06665763132064,51.092766855428664,48.22967841274506
65,26.023570708415917,26.019214784737194,26.711764394876525
66,38.18888752428873,38.16536867686746,36.98381832751112
67,52.2346778644186,53.265094487712815,51.54895316148677
68,29.181413117968887,29.02394054539812,27.48735705669455
69,39.12952097299275,40.30414682110324,39.59850357210802
70,64.94987335043814,64.53252753070828,62.25780932202083
71,55.441974354853826,55.56112979866788,57.37751998861893
72,42.44207263259068,41.82323727521813,39.69860881197794
73,14.21001307272006,14.121209769248198,15.186953629819701
74,13.9540426184122,13.855161099627395,12.998953562634203
75,35.4945413551411,36.199400958129516,34.69747294366138
76,62.9787132860635,62.891526175435445,62.51563822451064
77,2.223281385598302,2.6185294776138726,3.1747932859062287
78,41.71291093282403,40.73867956054762,43.44276429951006
79,41.90090450291974,42.36542626249833,41.61470814840382
80,8.705968766530976,7.790770052986733,8.767674489354986
81,21.81455643065793,22.762187089647366,20.312926830154368
82,5.936044857560317,5.385380114750653,6.111368275978618
83,31.345587781840784,30.42501668363137,32.95456143989765
84,8.534268792865648,8.692695232126262,5.98305434414856
85,4.981459211734369,5.582693772579409,6.534560848989147
86,16.848154672987555,16.836208573754952,17.179442487991246
87,11.602694755607448,10.354495549970895,11.777174518518786
88,18.899110387778634,20.46661841334829,18.67887951765975
89,23.175496289177808,25.572634915590477,20.987006888452733
90,35.253337449136694,35.29539119908554,35.21494568440306
91,12.318681833498875,11.690156176477718,11.50007586854645
92,11.950280528275016,12.570565622979295,12.776638407919922
93,9.84002484165004,9.253411963196434,12.067807509010109
94,37.59412142904065,37.32441092026658,34.77151331399551
95,15.2844172759943,15.130503948573288,15.07468939409599
96,17.120018524213638,16.460952301745632,15.15840656185221
97,9.192430131916884,9.224896585832479,8.50003519059915
98,10.799897948233824,12.010281855532071,10.16065022366999
99,4.5595807846601035,4.875785811811356,9.496840929793963
100,10.352819121655683,9.699171625323164,9.0630634873015
101,18.653734063011303,17.97889773814729,20.64989667945646
102,11.714453879738613,12.395114691582693,9.45634555780675
103,8.833915577423861,7.855710893699872,10.722704688687152
104,12.659893082429816,12.955886894464735,13.638897850366659
105,36.842899257646884,36.277837587762036,33.20603659274584
106,24.15132732259204,26.598197227934364,21.29717362652803
107,7.971784598056351,7.424445872702343,9.386762540924755
108,16.855663063417857,16.889377404954672,21.395874140987125
109,15.527767043712318,14.922794763943388,17.72804551613376
110,11.587979576197718,12.245867105798135,9.87280014434268
111,15.546760675808809,17.185606662750793,12.49340327551909
112,16.531523454643537,16.105503854603533,15.94025877719659
113,25.448592975537014,26.647777823609914,20.835966632033685
114,19.587053042819335,18.966194761456325,20.454006203801196
115,15.978706847682982,16.51679023048284,16.748342903061392
116,7.5750699471754395,6.094668918236017,11.305310519663886
117,44.96803596002832,46.40366176286055,39.25896772452373
118,26.061403014019437,26.996914973031444,23.221683742639655
119,0.6203382507015487,0.5186296866295521,2.9132720898377227
120,-0.09754582672390094,-0.9908505138238688,1.3876342008985159
121,10.326477658690813,9.344418855758086,10.006221547199718
122,12.524877883218524,12.776762949692138,11.434726498852058
123,12.257945680632972,13.007828896558099,10.488944357697727
124,7.441338094987474,7.776066552299964,7.308220107316847
125,25.046483175230964,24.908827235318725,23.989460196382314
126,22.71823043135168,20.701376184907726,24.339440782778773
127,9.528699669568613,10.129030701577834,8.643503031698728
128,20.055582952623425,20.750414220557097,17.273789173294112
129,13.708567694945458,14.097247524745008,14.025720192707496
130,-0.4640294923666344,-0.3640288593949581,2.442026057487051
131,32.35596448564279,33.1119422066153,29.664651313359627
132,14.881047555504926,14.20127253413964,17.430566195264262
133,21.26137499044207,20.42478081858284,28.420884195704293
134,26.63951573708917,26.19447250431053,27.678696739916017
135,24.747949082781663,23.87348418954791,24.776940489823605
136,9.808289332392135,9.966753376022236,11.450486254423968
137,22.03660338436358,21.004447999690047,24.284769027237754
138,78.68900347276144,78.57279062911334,74.63165215337591
139,61.601795323944835,60.032353217413764,66.48900038422906
140,26.951325593019092,27.133899907621775,31.33107218075493
141,18.810696745216433,18.211999070188583,17.897074239702814
142,24.51415336612865,24.64471293016682,22.356837188968683
143,7.35947477258164,7.219415883275639,6.933690989983685
144,13.307301204483453,11.735468814745186,16.03753052571196
145,9.752010301922642,10.069360314165,10.430281641526916
146,19.382224543280437,19.625038579240126,17.807464203027855
147,7.410018243183686,8.198466310641184,8.134945991278427
148,12.740685132970302,12.862225736671,10.602522699066956
149,15.96686734376752,15.46505503996406,14.572778447993072
150,46.328371447025205,46.32951253702524,38.96231969990531
151,20.532622629641182,21.889200234208047,15.984960766205436
152,22.035486158145687,22.043120153590976,21.359409500761377
153,14.360762795818868,14.928799909137403,11.942523544344073
154,13.941481423124365,13.96287237664541,17.434900336825557
155,23.727703928379334,25.159576956067827,25.838452588288305
156,24.924860950716255,25.580938439107143,20.054144528455197
157,36.98254125960156,36.1572187164806,35.345175009438364
158,3.7378445033439966,4.586953359968341,6.057381493896363
159,23.012601479936595,23.34882352108499,20.02229034453837
160,42.13209087086976,42.27474789320286,42.028080829430884
161,19.279827943460045,19.628013958419317,17.910563525332456
162,62.156363969635066,64.28685483812235,57.65945410637413
163,16.806802589824308,17.125068963957137,14.913241698297773
164,33.81598885492775,33.74071607335523,32.208542194605556
165,24.418116830433085,23.26854277856564,26.2647975609289
166,22.468297318987688,24.44116972304296,22.654317145492854
167,0.36877747299503044,0.14893924634246103,1.0020695084471316
168,68.0036252904205,66.65302870529746,66.83598414710893
169,15.986709293687225,14.959395484160119,16.872323884638092
170,15.813184037389465,15.911392311280368,15.035826896436769
171,70.6418554036067,68.53504880821913,67.83104652559932
172,20.760086538069537,20.363814011280294,18.88384967880711
173,2.009107692145929,1.7041339268186526,4.336121457323069
174,23.859515863889154,24.46054004127074,26.94166555077723
175,-0.19917813915620175,-0.5008017498537443,2.0937486836480286
176,8.209385411506512,7.345329326969992,9.388747351902484
177,18.229051027167316,18.470377346542495,18.4342601046634
178,21.98838860879947,19.764236984676682,22.26048082274341
179,24.907340123280058,25.050489342882763,20.28987867301904
180,43.00624569017564,43.33900852317894,40.81725570252843
181,33.148882855961446,31.474928907342715,36.15911672861588
182,29.62573935211565,27.59189414382812,33.82343146654719
183,14.091918575589688,12.567961329119296,16.708870175854177
184,7.4402692058540785,6.385602947953611,5.706014374391046
185,42.104347263696866,41.90579855379872,40.50466939310125
186,36.095529759694514,35.926120607989574,32.517004412550904
187,34.0730632549244,34.98457426627448,32.99134417938939
188,16.18797565535048,17.45657567433014,13.457308672799098
189,24.067167165176077,23.322205545198017,23.927002119321262
190,14.33389689263854,14.695874147419197,14.334426678214523
191,15.388466557769007,16.254992687026544,14.874161361184626
192,30.447286646365427,31.268610371731754,27.29809203516971
193,73.02873854327254,62.09218372825668,76.29506243004063
194,30.643216281722886,29.05038113207543,35.18778576368916
195,10.847685981455587,10.448532898255916,11.414327861987994
196,62.77102356464684,63.60856055542668,61.64643879925257
197,16.798650632194054,15.712118045848708,18.866574624756744
198,20.098718693433828,20.32235206375578,18.296912558098818
199,20.91564186543773,21.007582041609158,21.32198129317631
200,123.67204039640075,124.13452800877485,115.59045499497506
201,22.84326568035914,23.49580945297464,22.461323833174852
202,58.385020041242704,58.68774874351153,58.20729660227458
203,4.947787625092431,6.509798108652102,6.125713422806628
204,59.825077944311516,60.348643124445054,57.59503864844759
205,35.3390305314321,37.266504372084086,30.190123369704224
206,14.831931194839735,15.190952753255912,11.83078385629743
207,14.388607629395171,14.256272539941033,17.91981132528653
208,61.55658427693991,63.262268286254255,58.89757001989029
209,14.141197477726553,14.512677020984288,17.888341388904983
210,37.32538914122369,36.101708730069774,41.99002957136105
211,68.53920629538756,69.054277638208,66.58372503446073
212,18.786495341451108,19.0648263875595,21.66896420174202
213,113.62907498127615,113.31379965242304,116.03224046378584
214,40.71314367283516,41.429994726715506,39.45882293007042
215,76.8104882987283,78.60465896280954,73.68111636038051
216,91.7482872341987,92.51415471521443,83.28285681959872
217,71.19738087294762,72.35041747153835,69.24306209361433
218,29.829828656540656,30.783687887345664,37.42769150215394
219,19.907599695213946,18.64668278428005,26.462756880423157
220,30.637563027744488,29.634447830778797,30.483488644027624
221,57.26053842610469,57.80663616238782,57.443120985596266
222,26.516453963737103,27.971832326732954,24.235811923256122
223,38.318155457287254,38.30336742970254,36.55592200428568
224,42.81077690975277,43.82908732391851,44.63228194958563
225,10.079004662976983,10.487205727332718,9.36301920128848
226,5.426007665598917,3.3688529012116977,6.226688353042272
227,81.17949009367982,80.49680179250467,76.99881697873936
228,30.200712853016025,31.26691721141774,27.26932885639473
229,1.537024971013512,0.9305264855408844,3.0412214196305283
230,40.435831322595284,41.152684501587565,39.30566833090489
231,15.386594056961522,16.41995725578131,12.568106492670424
232,22.05549236921773,21.995100383704262,21.73639565946856
233,7.403197812305416,8.1919503535671,6.096999008592712
234,15.092978651641696,14.306297702060117,17.16089776990809
235,25.420561739117094,25.4420683079679,21.985141554255538
236,13.928641348739042,13.75178110813377,15.407562964081505
237,3.030265432216293,2.568500803703774,4.455242237514155
238,22.143096521039187,22.011373414708512,26.01403146785906
239,12.569769312865951,11.157017133554884,13.599694569706482
